time,x,y,z,phi,theta,psi,x_velocity,y_velocity,z_velocity,phi_velocity,theta_velocity,psi_velocity,rotor_speed1,rotor_speed2,rotor_speed3,rotor_speed4
0.06,-4.46191204182e-05,9.81882171597e-09,10.0063412103,7.45932295043e-06,0.0105915455251,0.0,-0.00270163986191,8.22413220222e-07,0.211353486115,0.000328125918199,0.0344710682589,0.0,468.9619095824071,471.6313312163551,471.5099857462543,471.5353274272416
0.12000000000000001,-0.0004641257406,3.69373318408e-06,10.0229591334,0.00103392376691,0.0173615094343,0.0,-0.0120301422162,0.000220902666533,0.342536626909,0.0101849870509,0.00948767937693,0.0,447.8127028139113,445.7763635465933,446.3368329560365,447.1403548109664
0.18,-0.00156510972675,6.29289580443e-05,10.0467330344,0.00775726667615,0.0219964681197,0.0,-0.0251249941524,0.00241998965423,0.449879139799,0.0360941382714,0.0304083008715,0.0,438.0138892456008,439.74994984152886,438.85351143978426,440.9985001433391
0.23999999999999996,-0.00367611901,0.000449249287589,10.0817107147,0.0161859291502,0.0307147308398,0.0,-0.0463079769988,0.0115591831412,0.715876221266,0.00745314678345,0.0579951120492,0.0,486.03088071757355,488.09444074453785,488.1456598904795,486.00417180456685
0.3,-0.0071309603814,0.00148900281035,10.1282625967,0.0166645556544,0.0368502493938,0.0,-0.069477562113,0.0231514833224,0.83575054468,0.00397009557902,0.0746871410878,0.0,443.30223880678824,444.6745082028256,443.8628099657393,443.5768092003008
0.36000000000000004,-0.0121350730904,0.00326910092757,10.182660471,0.023464639335,0.0438711765064,0.0,-0.0980642440787,0.0368889971092,0.9773573179,0.0308568255723,0.0909853572715,0.0,450.44862641710233,451.76960697802883,449.5039688521178,451.67720574946736
0.4200000000000001,-0.0189828556275,0.00599534765654,10.2450883101,0.0260207437669,0.0494827653714,0.0,-0.130781260253,0.0542444343272,1.10342141277,0.0389304826711,0.094227463776,0.0,447.00279737305476,447.2739732456465,445.27956473103825,445.93992538391444
0.48000000000000015,-0.0281329443582,0.00994862340044,10.3192540999,0.0331009015428,0.0567903323008,0.0,-0.175115899052,0.0783887960445,1.36841640843,0.0616208146868,0.107165854109,0.0,487.80777183047576,488.78026262958,487.04864481369805,488.7436390261907
0.5400000000000001,-0.0399828179042,0.0154328594736,10.4062702285,0.0415011886379,0.0702815959266,0.0,-0.221405832359,0.105318854853,1.5317819146,0.0842070633967,0.0768310888037,0.0,459.76655551198866,457.3649181139949,458.54568677458775,460.3397514725008
0.6000000000000002,-0.0552362922823,0.0229068029996,10.5074802108,0.0488173010608,0.0845142600164,0.0,-0.288862260861,0.144739238629,1.84124410483,0.0995317572984,0.10963314389,0.0,501.1709806540102,503.55476405680633,501.38446070818185,502.50216674260014
0.6600000000000003,-0.0746227486031,0.0328126674703,10.6241642028,0.061808451749,0.0911112256028,0.0,-0.358100675825,0.186931252502,2.04771097349,0.127378445685,0.110360890573,0.0,474.24579321429155,474.3115165848474,472.56599899080663,474.7171768158215
0.7200000000000003,-0.0981632707242,0.0454236652233,10.7514079936,0.0694848760682,0.0994929295518,0.0,-0.427489549337,0.234244138328,2.19331682443,0.128520282515,0.0945777758516,0.0,457.2687595983962,456.01914322348495,456.75983891018103,456.8653064763452
0.7800000000000004,-0.126489791235,0.0613680629921,10.8913579786,0.0865154426932,0.114823536601,0.0,-0.518598134131,0.29932036788,2.47072179753,0.16078223261,0.127438136117,0.0,495.40721823738033,497.82593686442294,495.2841296015791,497.66694742192067
0.8400000000000004,-0.160131222129,0.0812051259582,11.0431584395,0.0961548213356,0.131038360124,0.0,-0.604488147764,0.362877036681,2.58868586938,0.160313237339,0.0941489810549,0.0,452.48615786873455,449.8103547807721,451.19228159275144,451.1785208471847
0.9000000000000005,-0.199732833033,0.105426546006,11.2056717522,0.107698474336,0.139484868584,0.0,-0.716506595803,0.445823977617,2.82752199847,0.174357644753,0.111309985908,0.0,488.17317205522625,489.4596137482069,488.10113929297574,489.17139458653935
0.9600000000000005,-0.245841474315,0.134593894872,11.3795047381,0.12209166747,0.146573676203,0.0,-0.821157425379,0.527888636363,2.96620500436,0.194910746651,0.117227311956,0.0,460.06950051912884,460.54870740279154,460.3310801427796,461.9850535973893
1.0200000000000005,-0.298048847711,0.168678113018,11.5591075328,0.134444142967,0.164035078114,0.0,-0.920700498316,0.609373357205,3.01992080715,0.184743817517,0.151420996843,0.0,434.0549627944618,436.9307507761866,435.7863150634899,434.97223603029147
1.0800000000000005,-0.356294588809,0.207695638796,11.7403518098,0.153402674666,0.174827782167,0.0,-1.02178298858,0.692802602459,3.02105660767,0.214304649818,0.135855644671,0.0,420.4988321752361,419.1696778869958,417.53910046863746,420.14966120163103
1.1400000000000006,-0.421450285711,0.252597242145,11.9251602226,0.167457602577,0.18622748992,0.0,-1.1512322302,0.805288897847,3.13831013913,0.201059933727,0.114874861767,0.0,459.30501065616255,457.65268983945595,458.9175403965713,457.9069768063282
1.2000000000000006,-0.49391353034,0.30390707481,12.113281655,0.179792762296,0.196975404705,0.0,-1.26512504953,0.906040359573,3.13192385292,0.205692159811,0.135216868826,0.0,418.84663279307944,420.6264650783978,419.76093386457836,420.20560446769036
1.2600000000000007,-0.573861498613,0.361859538711,12.3030338817,0.193427496217,0.214465643487,0.0,-1.40148985147,1.02689036106,3.19218824107,0.191975710033,0.100449584272,0.0,444.4630986258457,441.6184323986952,444.5164453494605,443.4307001603533
1.3200000000000007,-0.66216415758,0.427188628991,12.4956687808,0.206388848913,0.222285442218,0.0,-1.54261597435,1.15185490309,3.22827216547,0.177561578449,0.113965578557,0.0,437.0976771074725,438.23248997499434,437.9384734910936,436.77253984768487
1.3800000000000008,-0.758945410247,0.500116949952,12.6897750548,0.218665820154,0.229453283547,0.0,-1.68404672292,1.28009572769,3.24130052856,0.16235200626,0.119170337648,0.0,431.8585571872015,432.3097595539564,431.2489006613015,429.9918681208289
1.4400000000000008,-0.86506039285,0.581589475343,12.8872981799,0.237790154467,0.250331914791,0.0,-1.85512799779,1.43736943269,3.34121885745,0.127573829255,0.15857550533,0.0,459.56891853031914,462.6973774827569,463.8785929925554,461.15992215279925
1.5000000000000009,-0.981748810424,0.672791933852,13.0902471236,0.262917635377,0.260584530366,0.0,-2.03541815301,1.60492796234,3.42224857082,0.172179072665,0.147886978734,0.0,460.700069163792,459.87594907050635,456.2973079969447,459.86298213721886
1.560000000000001,-1.10917192747,0.774188676288,13.2967425355,0.277395740398,0.274397765871,0.0,-2.21326413425,1.7760621771,3.459690555,0.148636863282,0.122308945314,0.0,449.8107589574898,447.75233914679217,448.3491896688418,446.45787020145525
1.620000000000001,-1.24949293729,0.887995563135,13.5120166192,0.287616622682,0.284317378756,0.0,-2.46500918059,2.01822297706,3.71401708867,0.159996222183,0.13874815428,0.0,517.7816538855346,518.9493227471395,518.1653100200915,518.9815573257225
1.680000000000001,-1.40401298165,1.01540283541,13.7384874904,0.29983188092,0.298975937663,0.0,-2.68702792651,2.22946598704,3.83317159658,0.176551821987,0.109952351785,0.0,482.39064214641604,480.2249977701715,481.8846305767894,483.1583880462322
1.740000000000001,-1.57231783085,1.15586166146,13.9724512599,0.310637810118,0.305664340817,0.0,-2.92358929842,2.45318551224,3.96394097372,0.17015632043,0.112272031861,0.0,489.23718346497213,489.4195010580523,489.56402705744455,489.1140986544414
1.8000000000000012,-1.75459462183,1.30955836179,14.2129362556,0.321039046318,0.315409485424,0.0,-3.1530791128,2.67058105403,4.05057133487,0.173901443394,0.0920319204027,0.0,479.7832290551818,478.2527575044568,478.80015352201553,479.11090077276054
1.8600000000000012,-1.95113655902,1.47676178317,14.4593294434,0.332724309781,0.321270669398,0.0,-3.39864275539,2.90352649044,4.1607482711,0.18501219658,0.0843387833743,0.0,490.2158985300321,489.6496987183651,489.8239761067161,490.67684866726694
1.9200000000000013,-2.16056278692,1.65620098178,14.7065240993,0.351243180243,0.330440270525,0.0,-3.58292539147,3.07887081055,4.07798986684,0.213670858263,0.0608997414878,0.0,429.5430058231016,427.5551908628362,427.62567874996466,430.09890912474253
1.9800000000000013,-2.3831510597,1.8483641437,14.9539115445,0.367157384923,0.338187262112,0.0,-3.83710954808,3.3274897219,4.16613170321,0.231775254414,0.0818939699941,0.0,489.41659241153167,490.97995655957334,489.27276990798117,490.661848903435
2.0400000000000014,-2.61993219023,2.05443258908,15.2030817456,0.381305702184,0.349893053765,0.0,-4.05643852762,3.54209370353,4.13794077461,0.225054643933,0.0521190802221,0.0,457.37871540428114,455.00463119745,455.6508356932314,455.16415926935963
2.1000000000000014,-2.87049174292,2.27401681719,15.4514631418,0.400244096349,0.35325280704,0.0,-4.29559204562,3.77851633448,4.13965199759,0.198286485511,0.0563366851702,0.0,469.1090694531593,469.43824438802693,471.55868577962224,469.52939047724504
2.1600000000000015,-3.13504530252,2.5076014065,15.6986719926,0.415474975552,0.357506711852,0.0,-4.52304628472,4.00836137216,4.09916182066,0.177048102911,0.0448269176921,0.0,459.82914626381245,458.9179591246065,459.95901854187815,458.30797967558016
2.2200000000000015,-3.4127159399,2.75449768322,15.9417572886,0.431249368938,0.364155934286,0.0,-4.73303609612,4.22220479059,4.00240079711,0.150954754165,0.0654576453011,0.0,441.02563228876454,442.72855352911023,444.098050502118,441.9793905918924
2.2800000000000016,-3.7018389614,3.01299486603,16.1758631581,0.443697578304,0.370433061601,0.0,-4.90493883995,4.39485931995,3.80066411072,0.129546057344,0.047422771261,0.0,404.99455604374333,403.3715842964884,405.96999778965187,404.06550814978846
2.3400000000000016,-4.00337779101,3.28414739362,16.4024141858,0.451583497443,0.374693417067,0.0,-5.14651089539,4.64350493433,3.74976530086,0.124469570192,0.0593083282122,0.0,463.74248539018043,464.67695186653543,463.33843626430877,462.95327435670976
2.4000000000000017,-4.31865544293,3.5692814293,16.6237590711,0.459686495511,0.391957286991,0.0,-5.36386052415,4.86072142763,3.62699891571,0.132079005093,0.0175361055515,0.0,441.85806566737665,438.40125678463374,440.7749653282625,441.41838788301413
2.4600000000000017,-4.64768215028,3.86799939569,16.838612522,0.475368752332,0.393793784017,0.0,-5.60366463406,5.09703353642,3.53338970638,0.161412367696,0.0261115072262,0.0,453.70929677656153,454.3974231492857,454.7787507680011,457.1410756700575
2.520000000000002,-4.99025171482,4.18004974134,17.0457641607,0.48649018936,0.397036061279,0.0,-5.81557193079,5.30484713677,3.37084888054,0.147026267805,0.0106808084284,0.0,432.77937314555436,431.47825905938106,432.27639351242976,431.08611171532954
2.580000000000002,-5.34821476577,4.50754174086,17.2485455394,0.495302371664,0.399154927376,0.0,-6.11622381416,5.61118752917,3.38654149594,0.146386612887,0.0228524773632,0.0,499.9987616715887,500.8848193282083,499.40254977709867,499.3734704150191
2.640000000000002,-5.72178951279,4.8506683208,17.4469357467,0.506222318464,0.400629842592,0.0,-6.33639104176,5.82646664001,3.22563666216,0.161243383107,0.0179251792525,0.0,440.1007157949734,439.6925718406047,438.59895080307945,439.85335323037
2.700000000000002,-6.11078990365,5.20925465558,17.639995694,0.522041119592,0.403839097878,0.0,-6.630045266,6.12646120813,3.20727872506,0.187222125511,0.000678697693774,0.0,496.07910411512,494.8106252255747,494.4913450419819,496.42630965128666
2.760000000000002,-6.51712480077,5.58557650428,17.831023298,0.533363609687,0.404333390714,0.0,-6.91409603147,6.41734675568,3.15845654005,0.189505477091,-0.00799575269816,0.0,490.7672981654237,490.12287606304255,489.51241927579355,489.71311152500635
2.820000000000002,-6.93813757837,5.9765506636,18.0141190593,0.544721995865,0.410349349855,0.0,-7.12005559284,6.61508617613,2.94393886361,0.188404058108,0.0187493127836,0.0,429.47226787465,431.73558534637755,431.0711898570425,431.0140826603905
2.880000000000002,-7.37100580862,6.37870349072,18.1830491247,0.561129275657,0.411747162512,0.0,-7.30916461766,6.79037885393,2.68649360866,0.162427732712,0.0233958313186,0.0,414.8056287978991,415.2136395447975,416.0193576891293,413.7715860531986
2.940000000000002,-7.81658204476,6.79300368979,18.3389224284,0.571220463969,0.418682688027,0.0,-7.54367506507,7.01922534352,2.5080787252,0.154676444493,0.0479881879174,0.0,448.8688396083947,450.86124256162714,449.99170499699983,449.3875369236924
3.000000000000002,-8.27856158493,7.22371828203,18.4881464309,0.580668628863,0.421554108581,0.0,-7.85529125198,7.33704280754,2.46386921064,0.15811781119,0.0474922985665,0.0,504.6571571087691,504.6224377040541,504.13682636159695,504.4053055286203
3.0600000000000023,-8.75699007182,7.67066183561,18.6302153177,0.595463911916,0.42642629901,0.0,-8.09244272906,7.56085248441,2.27037263893,0.182183826344,0.0619175885763,0.0,452.18468681748686,453.34743108311983,451.57239470066105,453.5361143303506
3.1200000000000023,-9.25083387367,8.13240996223,18.7624918699,0.608226616068,0.433581371885,0.0,-8.36901262226,7.83001531754,2.13680658194,0.195856833335,0.0810701410144,0.0,480.35928419465125,481.813141896354,479.6141359215388,480.6828472555814
3.1800000000000024,-9.75983661451,8.60839141383,18.8838076964,0.623190848204,0.440226997928,0.0,-8.59793873488,8.03569155892,1.90572016972,0.174983727146,0.0651995971337,0.0,446.90589397584114,445.6144081867082,447.343508751121,445.67449383543504
3.2400000000000024,-10.2817684192,9.09558151362,18.9895454882,0.63493783103,0.448065887023,0.0,-8.80022027437,8.20359852368,1.61818582912,0.161486338834,0.0422582752834,0.0,425.3393237656379,423.3716394924255,426.45967158115775,425.3339951805386
3.3000000000000025,-10.8149612055,9.59158267483,19.0763054118,0.644629872309,0.450613037843,0.0,-8.97350146789,8.32971096462,1.27402460904,0.161621636767,0.0427429979142,0.0,400.08745614689917,400.13280300867416,399.947643669032,399.9879719253109
3.3600000000000025,-11.3616152379,10.0987904597,19.1472843686,0.657494298907,0.455099269126,0.0,-9.24816910508,8.57637370661,1.09022143988,0.140888651758,0.0263099958761,0.0,472.45649308311164,471.1878732372351,473.41644662284534,471.83894913762293
3.4200000000000026,-11.9220524439,10.6172960674,19.2025980045,0.673121711128,0.456787119833,0.0,-9.43347498114,8.70711830368,0.753319760067,0.110322290262,0.0289243720789,0.0,407.35089384222863,407.58497492527556,409.7594342571321,407.0491790942828
3.4800000000000026,-12.4962650729,11.1468873169,19.2417327576,0.683942946777,0.460283672626,0.0,-9.70684825631,8.9448936405,0.549783286048,0.131608622616,0.0131376062875,0.0,470.5712666233897,469.34716962242163,468.91647782220343,470.5793929532321
3.5400000000000027,-13.0850006829,11.6881840911,19.2654832438,0.69879250816,0.461064286478,0.0,-9.91790033319,9.09804424039,0.241374145791,0.101497507428,0.0112144449786,0.0,426.486672750945,426.32218750779697,427.74764674648543,425.1885786146075
3.6000000000000028,-13.6879224835,12.2404926623,19.2729012663,0.704882754167,0.462937804645,0.0,-10.1795995958,9.31112547195,0.00519354413248,0.0990766181117,-0.0020486151333,0.0,461.15714734753027,460.1077509155015,461.6289517012009,461.44614166196027
3.660000000000003,-14.3052082995,12.8035944559,19.2639392986,0.711286695406,0.463944521729,0.0,-10.3970825099,9.4583018191,-0.303908636671,0.0903551849666,-0.0149531165842,0.0,429.4694438530073,428.37306342292624,429.6860831675642,428.95397478402515
3.720000000000003,-14.9357416778,13.3755278472,19.2365868885,0.718664382033,0.464480017991,0.0,-10.621146234,9.60549040847,-0.607882735808,0.10452358937,-0.00298642080807,0.0,430.14488272361166,431.1576929205975,431.785332864725,432.9875143802835
3.780000000000003,-15.5817679105,13.9587269442,19.1939084475,0.727352380489,0.469042250427,0.0,-10.9129573248,9.83296055442,-0.816084203225,0.120394250031,0.0196968789472,0.0,475.8920549293938,477.62586190748755,475.6560062251106,476.88015547319975
3.840000000000003,-16.2448075971,14.5546428399,19.1377662168,0.735863304744,0.47271449395,0.0,-11.1883852051,10.0295487016,-1.05636237203,0.106706947896,0.00116793197619,0.0,467.1833036741682,465.73558214545375,466.353372471919,465.2938870102511
3.900000000000003,-16.92195845,15.1588992608,19.0635110016,0.742283447487,0.472772703183,0.0,-11.38417138,10.1119595949,-1.41822635905,0.107395373513,9.38541997594e-05,0.0,410.16217016570806,410.06669888063675,408.38363033456375,408.45619741295553
3.960000000000003,-17.6146379796,15.7727906634,18.9728398476,0.750082293962,0.476444740959,0.0,-11.704879734,10.3492146673,-1.60568412676,0.0933862718619,0.0199036156716,0.0,490.82964285338056,492.29817025264276,492.0210783164657,490.99044518576403
4.020000000000002,-18.3248173239,16.3983040124,18.8682203574,0.759775202849,0.4806798353,0.0,-11.9678921041,10.4999676283,-1.88245385883,0.0699999524772,0.037843662325,0.0,455.28214955611446,456.7161013337333,455.3654852388721,453.49581827329325
4.080000000000001,-19.0512385077,17.0331699837,18.7474340516,0.768098897073,0.484083582635,0.0,-12.2462330786,10.6607829592,-2.14461904141,0.0465221435186,0.0249210562996,0.0,465.33530467429284,464.32252074797833,465.44650405738304,463.6071822343566
4.14,-19.792718594,17.6751825836,18.6084860221,0.772280417662,0.485591691574,0.0,-12.4706267674,10.7388736372,-2.48654742774,0.0323502745488,0.0219941991986,0.0,426.7545343182391,426.50458503157813,427.96221720256545,426.7546048766273
4.199999999999998,-20.5465952794,18.3200743373,18.4474253007,0.775110727939,0.487162208187,0.0,-12.6599205529,10.7571917695,-2.88106897733,0.0415498852133,0.015177731037,0.0,397.1870094816748,396.56100239847376,396.0476715326725,396.89414059542617
4.259999999999997,-21.3131909289,18.9674486757,18.2643783879,0.781664142088,0.488609097837,0.0,-12.8940852852,10.8211500841,-3.22021369595,0.0624559716933,0.0220886112953,0.0,423.6471210520242,424.24120051254704,422.08213930199605,423.88514961052425
4.319999999999996,-22.0962449125,19.6214582947,18.0640211307,0.786233567335,0.493009222105,0.0,-13.2079036339,10.9772003687,-3.45921862488,0.0712600303703,0.001642360787,0.0,473.8710375720315,472.2958629434858,473.1877328745495,473.868191658734
4.379999999999995,-22.8956087661,20.2810766899,17.8457977756,0.794269729576,0.493121925106,0.0,-13.4385273349,11.0094500879,-3.81446569729,0.0913364895262,0.00221420442811,0.0,416.2102572369474,416.2602918412466,415.82844973509276,417.589763617996
4.439999999999993,-23.7094759484,20.9431208176,17.6069542189,0.800543001943,0.494379136667,0.0,-13.6912495427,11.0577530991,-4.14677288933,0.0803068353644,0.0126916955085,0.0,427.02746341997283,427.9207025629712,427.9534201904279,427.0197525662384
4.499999999999992,-24.5399101312,21.609496412,17.3497944103,0.805361277564,0.495161237843,0.0,-13.9905235841,11.1533305027,-4.42543306137,0.0803000944158,0.0134695502139,0.0,454.68748925124555,454.74970942428234,454.8026552369955,454.80713833815315
4.559999999999991,-25.3889741249,22.2820318195,17.0765601881,0.810169455123,0.501123265225,0.0,-14.3119059544,11.2624062277,-4.68324502111,0.0785879318708,-0.0126282528902,0.0,467.08745698677063,465.04663203784077,467.00700572372205,466.87813179851406
4.6199999999999894,-26.2568389053,22.9599918499,16.7870029002,0.822731576105,0.508532468167,0.0,-14.6168490533,11.3343431792,-4.96990188624,0.108096697591,0.0175001683248,0.0,454.76215618455404,457.1703956801724,453.5953868244896,455.9665973370645
4.679999999999988,-27.1416216181,23.6400742585,16.4783414124,0.83001946503,0.514258339042,0.0,-14.8766343549,11.3337699735,-5.31886973797,0.116779911147,-0.00741781990542,0.0,425.9562689389693,423.818638105032,425.7455539858792,426.4997610739291
4.739999999999987,-28.042005598,24.3196839528,16.1485724758,0.837020256963,0.524781517519,0.0,-15.1366403029,11.318260757,-5.67372599685,0.116428561375,0.0276813727407,0.0,421.0310483086231,424.0586995819655,422.8356512052511,422.81830922155956
4.799999999999986,-28.9571213588,24.996789322,15.7963344902,0.844395161336,0.526516408036,0.0,-15.3686440293,11.251314715,-6.06682230903,0.122166426806,0.0232685842932,0.0,400.15391858724047,399.7519710777149,400.5646088235214,401.10064275243826
4.859999999999984,-29.8895592737,25.6737588514,15.4242000845,0.852632479162,0.531059549135,0.0,-15.7127811963,11.3121428875,-6.33867375972,0.110462249822,0.00259848503266,0.0,468.44223796355084,466.83119845031996,467.6558299471788,466.754618679724
4.919999999999983,-30.8398793824,26.3503420163,15.0324222,0.863565794558,0.531273790042,0.0,-15.9658501924,11.2399190533,-6.72010185068,0.132023537275,0.00430364946121,0.0,407.6688773418842,407.8212484146611,407.3157546263977,409.2544756893838
4.979999999999982,-31.8093567197,27.0272537848,14.621948364,0.874037975975,0.531848037593,0.0,-16.3500941301,11.3215600936,-6.96358401812,0.113286071557,0.00937770738506,0.0,483.9200199880699,484.30191198924166,486.42467644686616,485.0316901352626
5.0399999999999805,-32.7988266723,27.7046068256,14.1932868956,0.887460914826,0.538875418625,0.0,-16.6325689802,11.2552178725,-7.32554261258,0.140308210015,0.0360560688596,0.0,422.0481075467571,424.3459308888942,421.4651931351107,423.81012900360923
